# unix_time, cycles_done, cur_path, paths_total, pending_total, pending_favs, map_size, unique_crashes, unique_hangs, max_depth, execs_per_sec, n_nodes, n_edges, chat_times
1764791003, 0, 0, 8, 8, 7, 8.76%, 0, 0, 2, 0.02, 6, 8, 0
1764791544, 0, 0, 9, 9, 7, 8.76%, 0, 0, 2, 0.02, 6, 11, 0
1764792085, 0, 0, 10, 10, 7, 8.81%, 0, 0, 2, 0.02, 7, 13, 0
1764792625, 0, 0, 11, 11, 7, 8.82%, 0, 0, 2, 0.02, 8, 15, 0
1764795087, 0, 0, 12, 12, 7, 8.82%, 0, 0, 2, 0.02, 8, 17, 0
1764795628, 0, 0, 13, 13, 7, 8.82%, 0, 0, 2, 0.02, 8, 17, 0
1764798090, 0, 0, 14, 14, 7, 8.83%, 0, 0, 2, 0.02, 8, 17, 0
1764800552, 0, 0, 15, 15, 7, 8.83%, 0, 0, 2, 0.02, 8, 17, 0
1764801092, 0, 0, 16, 16, 7, 8.83%, 0, 0, 2, 0.02, 8, 18, 0
1764801633, 0, 0, 17, 17, 7, 8.83%, 0, 0, 2, 0.02, 8, 18, 0
1764802173, 0, 0, 18, 18, 7, 8.83%, 0, 0, 2, 0.02, 8, 18, 0
1764802773, 0, 0, 19, 19, 7, 8.83%, 0, 0, 2, 0.02, 8, 19, 0
1764803314, 0, 0, 20, 20, 7, 8.83%, 0, 0, 2, 0.02, 8, 21, 0
1764803854, 0, 0, 21, 21, 7, 8.83%, 0, 0, 2, 0.02, 8, 22, 0
1764804635, 0, 0, 22, 22, 7, 8.83%, 0, 0, 2, 0.02, 8, 23, 0
1764805175, 0, 0, 23, 23, 7, 8.83%, 0, 0, 2, 0.02, 8, 23, 0
1764805716, 0, 0, 24, 24, 7, 8.83%, 0, 0, 2, 0.02, 8, 23, 0
1764806316, 0, 0, 25, 25, 7, 8.84%, 0, 0, 2, 0.02, 8, 25, 0
1764806917, 0, 0, 26, 26, 7, 8.84%, 0, 0, 2, 0.02, 8, 25, 0
1764807697, 0, 0, 27, 27, 7, 8.84%, 0, 0, 2, 0.02, 8, 27, 0
1764808238, 0, 0, 28, 28, 7, 8.86%, 0, 0, 2, 0.02, 8, 27, 0
1764809018, 0, 0, 29, 29, 7, 8.86%, 0, 0, 2, 0.02, 8, 27, 0
1764809618, 0, 0, 30, 30, 7, 8.87%, 0, 0, 2, 0.02, 8, 27, 0
1764810219, 0, 0, 31, 31, 7, 8.87%, 0, 0, 2, 0.02, 8, 27, 0
1764810759, 0, 0, 32, 32, 7, 8.88%, 0, 0, 2, 0.02, 8, 27, 0
1764811419, 0, 0, 33, 33, 7, 8.88%, 0, 0, 2, 0.02, 8, 27, 0
1764812019, 0, 0, 34, 34, 7, 8.88%, 0, 0, 2, 0.02, 8, 27, 0
1764812680, 0, 0, 35, 35, 7, 8.88%, 0, 0, 2, 0.02, 8, 27, 0
1764815143, 0, 0, 36, 36, 7, 8.89%, 0, 0, 2, 0.02, 8, 28, 0
1764815744, 0, 0, 37, 37, 7, 8.89%, 0, 0, 2, 0.02, 8, 28, 0
1764816284, 0, 0, 38, 38, 7, 8.89%, 0, 0, 2, 0.02, 8, 28, 0
1764816884, 0, 0, 39, 39, 7, 8.89%, 0, 0, 2, 0.02, 8, 29, 0
1764817425, 0, 0, 40, 40, 7, 8.89%, 0, 0, 2, 0.02, 8, 29, 0
1764817966, 0, 0, 41, 41, 7, 8.90%, 0, 0, 2, 0.02, 8, 32, 0
1764820429, 0, 0, 42, 42, 7, 8.90%, 0, 0, 2, 0.02, 8, 32, 0
1764821149, 0, 0, 43, 43, 7, 8.90%, 0, 0, 2, 0.02, 8, 32, 0
1764821810, 0, 0, 44, 44, 7, 8.90%, 0, 0, 2, 0.02, 8, 32, 0
1764822350, 0, 0, 45, 45, 7, 8.90%, 0, 0, 2, 0.02, 8, 32, 0
1764823130, 0, 0, 46, 46, 7, 8.90%, 0, 0, 2, 0.02, 8, 33, 0
1764823731, 0, 0, 47, 47, 7, 8.96%, 0, 0, 2, 0.02, 8, 33, 0
1764824451, 0, 0, 48, 48, 7, 8.96%, 0, 0, 2, 0.02, 8, 33, 0
1764824992, 0, 0, 49, 49, 7, 8.96%, 0, 0, 2, 0.02, 8, 34, 0
1764825532, 0, 0, 50, 50, 7, 8.96%, 0, 0, 2, 0.02, 8, 34, 0
1764826133, 0, 0, 51, 51, 7, 8.97%, 0, 0, 2, 0.02, 8, 34, 0
1764826793, 0, 0, 52, 52, 7, 8.97%, 0, 0, 2, 0.02, 8, 34, 0
1764827393, 0, 0, 53, 53, 7, 8.97%, 0, 0, 2, 0.02, 8, 36, 0
1764828234, 0, 0, 54, 54, 7, 8.97%, 0, 0, 2, 0.02, 8, 36, 0
1764830695, 0, 0, 55, 55, 7, 8.97%, 0, 0, 2, 0.02, 8, 36, 0
1764831296, 0, 0, 56, 56, 7, 8.98%, 0, 0, 2, 0.02, 8, 36, 0
1764832076, 0, 0, 57, 57, 7, 8.98%, 0, 0, 2, 0.02, 8, 36, 0
1764832677, 0, 0, 58, 58, 7, 8.99%, 0, 0, 2, 0.02, 9, 39, 0
1764833639, 0, 0, 59, 59, 7, 8.99%, 0, 0, 2, 0.02, 9, 39, 0
1764834420, 0, 0, 60, 60, 7, 9.00%, 0, 0, 2, 0.02, 9, 41, 0
1764835322, 0, 0, 61, 61, 7, 9.00%, 0, 0, 2, 0.02, 9, 41, 0
1764836164, 0, 0, 62, 62, 7, 9.01%, 0, 0, 2, 0.02, 9, 43, 0
1764836705, 0, 0, 63, 63, 7, 9.01%, 0, 0, 2, 0.02, 9, 43, 0
1764837306, 0, 0, 64, 64, 7, 9.01%, 0, 0, 2, 0.02, 9, 43, 0
1764838328, 0, 0, 65, 65, 7, 9.01%, 0, 0, 2, 0.02, 9, 43, 0
1764839109, 0, 0, 66, 66, 7, 9.01%, 0, 0, 2, 0.02, 9, 43, 0
1764840433, 0, 0, 67, 67, 7, 9.02%, 0, 0, 2, 0.02, 9, 43, 0
1764840974, 0, 0, 68, 68, 7, 9.02%, 0, 0, 2, 0.02, 9, 43, 0
1764841996, 0, 0, 69, 69, 7, 9.02%, 0, 0, 2, 0.02, 9, 43, 0
1764842778, 0, 0, 70, 70, 7, 9.02%, 0, 0, 2, 0.02, 9, 43, 0
1764843439, 0, 0, 71, 71, 7, 9.02%, 0, 0, 2, 0.02, 9, 43, 0
1764844220, 0, 0, 72, 72, 7, 9.02%, 0, 0, 2, 0.02, 9, 43, 0
1764844821, 0, 0, 73, 73, 7, 9.02%, 0, 0, 2, 0.02, 9, 43, 0
1764845361, 0, 0, 74, 74, 7, 9.02%, 0, 0, 2, 0.02, 9, 43, 0
1764845962, 0, 0, 75, 75, 7, 9.02%, 0, 0, 2, 0.02, 9, 43, 0
1764846923, 0, 0, 76, 76, 7, 9.02%, 0, 0, 2, 0.02, 9, 43, 0
1764847463, 0, 0, 77, 77, 7, 9.02%, 0, 0, 2, 0.02, 9, 43, 0
1764848906, 0, 0, 78, 78, 7, 9.02%, 0, 0, 2, 0.02, 9, 43, 0
1764849627, 0, 0, 79, 79, 7, 9.02%, 0, 0, 2, 0.02, 9, 43, 0
1764850167, 0, 0, 80, 80, 7, 9.02%, 0, 0, 2, 0.02, 9, 43, 0
1764851729, 0, 0, 81, 81, 7, 9.02%, 0, 0, 2, 0.02, 9, 43, 0
1764852570, 0, 0, 82, 82, 7, 9.03%, 0, 0, 2, 0.02, 9, 45, 0
1764853472, 0, 0, 83, 83, 7, 9.03%, 0, 0, 2, 0.02, 9, 45, 0
1764854014, 0, 0, 84, 84, 7, 9.03%, 0, 0, 2, 0.02, 9, 45, 0
1764854615, 0, 0, 85, 85, 7, 9.04%, 0, 0, 2, 0.02, 10, 47, 0
1764855276, 0, 0, 86, 86, 7, 9.04%, 0, 0, 2, 0.02, 10, 48, 0
1764855817, 0, 0, 87, 87, 7, 9.04%, 0, 0, 2, 0.02, 10, 48, 0
1764856478, 0, 0, 88, 88, 7, 9.04%, 0, 0, 2, 0.02, 10, 50, 0
1764859364, 0, 0, 89, 89, 7, 9.04%, 0, 0, 2, 0.02, 10, 50, 0
1764861047, 0, 0, 90, 90, 7, 9.04%, 0, 0, 2, 0.02, 10, 50, 0
1764862010, 0, 0, 91, 91, 7, 9.04%, 0, 0, 2, 0.02, 10, 50, 0
1764862972, 0, 0, 92, 92, 7, 9.04%, 0, 0, 2, 0.02, 10, 50, 0
1764863693, 0, 0, 93, 93, 7, 9.05%, 0, 0, 2, 0.02, 10, 50, 0
